# ImageMagick pixel enumeration: 28,10,65535,srgba
0,0: (49601,0,6168,52428)  #C10018CC  srgba(193,0,24,0.8)
1,0: (49601,0,6168,52428)  #C10018CC  srgba(193,0,24,0.8)
2,0: (49601,0,6168,52428)  #C10018CC  srgba(193,0,24,0.8)
3,0: (49601,0,6168,52428)  #C10018CC  srgba(193,0,24,0.8)
4,0: (49601,0,6168,52428)  #C10018CC  srgba(193,0,24,0.8)
5,0: (49601,0,6168,52428)  #C10018CC  srgba(193,0,24,0.8)
6,0: (49601,0,6168,52428)  #C10018CC  srgba(193,0,24,0.8)
7,0: (49601,0,6168,52428)  #C10018CC  srgba(193,0,24,0.8)
8,0: (49601,0,6168,52428)  #C10018CC  srgba(193,0,24,0.8)
9,0: (49601,0,6168,52428)  #C10018CC  srgba(193,0,24,0.8)
10,0: (49601,0,6168,52428)  #C10018CC  srgba(193,0,24,0.8)
11,0: (49601,0,6168,52428)  #C10018CC  srgba(193,0,24,0.8)
12,0: (49601,0,6168,52428)  #C10018CC  srgba(193,0,24,0.8)
13,0: (49601,0,6168,52428)  #C10018CC  srgba(193,0,24,0.8)
14,0: (49601,0,6168,52428)  #C10018CC  srgba(193,0,24,0.8)
15,0: (49601,0,6168,52428)  #C10018CC  srgba(193,0,24,0.8)
16,0: (49601,0,6168,52428)  #C10018CC  srgba(193,0,24,0.8)
17,0: (49601,0,6168,52428)  #C10018CC  srgba(193,0,24,0.8)
18,0: (49601,0,6168,52428)  #C10018CC  srgba(193,0,24,0.8)
19,0: (49601,0,6168,52428)  #C10018CC  srgba(193,0,24,0.8)
20,0: (49601,0,6168,52428)  #C10018CC  srgba(193,0,24,0.8)
21,0: (49601,0,6168,52428)  #C10018CC  srgba(193,0,24,0.8)
22,0: (49601,0,6168,52428)  #C10018CC  srgba(193,0,24,0.8)
23,0: (49601,0,6168,52428)  #C10018CC  srgba(193,0,24,0.8)
24,0: (49601,0,6168,52428)  #C10018CC  srgba(193,0,24,0.8)
25,0: (49601,0,6168,52428)  #C10018CC  srgba(193,0,24,0.8)
26,0: (49601,0,6168,52428)  #C10018CC  srgba(193,0,24,0.8)
27,0: (49601,0,6168,52428)  #C10018CC  srgba(193,0,24,0.8)
0,1: (49601,0,6168,52428)  #C10018CC  srgba(193,0,24,0.8)
1,1: (49601,0,6168,52428)  #C10018CC  srgba(193,0,24,0.8)
2,1: (49601,0,6168,52428)  #C10018CC  srgba(193,0,24,0.8)
3,1: (49601,0,6168,52428)  #C10018CC  srgba(193,0,24,0.8)
4,1: (49601,0,6168,52428)  #C10018CC  srgba(193,0,24,0.8)
5,1: (49601,0,6168,52428)  #C10018CC  srgba(193,0,24,0.8)
6,1: (49601,0,6168,52428)  #C10018CC  srgba(193,0,24,0.8)
7,1: (49601,0,6168,52428)  #C10018CC  srgba(193,0,24,0.8)
8,1: (49601,0,6168,52428)  #C10018CC  srgba(193,0,24,0.8)
9,1: (49601,0,6168,52428)  #C10018CC  srgba(193,0,24,0.8)
10,1: (49601,0,6168,52428)  #C10018CC  srgba(193,0,24,0.8)
11,1: (49601,0,6168,52428)  #C10018CC  srgba(193,0,24,0.8)
12,1: (49601,0,6168,52428)  #C10018CC  srgba(193,0,24,0.8)
13,1: (49601,0,6168,52428)  #C10018CC  srgba(193,0,24,0.8)
14,1: (49601,0,6168,52428)  #C10018CC  srgba(193,0,24,0.8)
15,1: (49601,0,6168,52428)  #C10018CC  srgba(193,0,24,0.8)
16,1: (49601,0,6168,52428)  #C10018CC  srgba(193,0,24,0.8)
17,1: (49601,0,6168,52428)  #C10018CC  srgba(193,0,24,0.8)
18,1: (49601,0,6168,52428)  #C10018CC  srgba(193,0,24,0.8)
19,1: (49601,0,6168,52428)  #C10018CC  srgba(193,0,24,0.8)
20,1: (49601,0,6168,52428)  #C10018CC  srgba(193,0,24,0.8)
21,1: (49601,0,6168,52428)  #C10018CC  srgba(193,0,24,0.8)
22,1: (49601,0,6168,52428)  #C10018CC  srgba(193,0,24,0.8)
23,1: (49601,0,6168,52428)  #C10018CC  srgba(193,0,24,0.8)
24,1: (49601,0,6168,52428)  #C10018CC  srgba(193,0,24,0.8)
25,1: (49601,0,6168,52428)  #C10018CC  srgba(193,0,24,0.8)
26,1: (49601,0,6168,52428)  #C10018CC  srgba(193,0,24,0.8)
27,1: (49601,0,6168,52428)  #C10018CC  srgba(193,0,24,0.8)
0,2: (49601,0,6168,52428)  #C10018CC  srgba(193,0,24,0.8)
1,2: (49601,0,6168,52428)  #C10018CC  srgba(193,0,24,0.8)
2,2: (49601,0,6168,52428)  #C10018CC  srgba(193,0,24,0.8)
3,2: (49601,0,6168,52428)  #C10018CC  srgba(193,0,24,0.8)
4,2: (49601,0,6168,52428)  #C10018CC  srgba(193,0,24,0.8)
5,2: (49601,0,6168,52428)  #C10018CC  srgba(193,0,24,0.8)
6,2: (49601,0,6168,52428)  #C10018CC  srgba(193,0,24,0.8)
7,2: (49601,0,6168,52428)  #C10018CC  srgba(193,0,24,0.8)
8,2: (49601,0,6168,52428)  #C10018CC  srgba(193,0,24,0.8)
9,2: (49601,0,6168,52428)  #C10018CC  srgba(193,0,24,0.8)
10,2: (49601,0,6168,52428)  #C10018CC  srgba(193,0,24,0.8)
11,2: (49601,0,6168,52428)  #C10018CC  srgba(193,0,24,0.8)
12,2: (49601,0,6168,52428)  #C10018CC  srgba(193,0,24,0.8)
13,2: (49601,0,6168,52428)  #C10018CC  srgba(193,0,24,0.8)
14,2: (49601,0,6168,52428)  #C10018CC  srgba(193,0,24,0.8)
15,2: (49601,0,6168,52428)  #C10018CC  srgba(193,0,24,0.8)
16,2: (49601,0,6168,52428)  #C10018CC  srgba(193,0,24,0.8)
17,2: (49601,0,6168,52428)  #C10018CC  srgba(193,0,24,0.8)
18,2: (49601,0,6168,52428)  #C10018CC  srgba(193,0,24,0.8)
19,2: (49601,0,6168,52428)  #C10018CC  srgba(193,0,24,0.8)
20,2: (49601,0,6168,52428)  #C10018CC  srgba(193,0,24,0.8)
21,2: (49601,0,6168,52428)  #C10018CC  srgba(193,0,24,0.8)
22,2: (49601,0,6168,52428)  #C10018CC  srgba(193,0,24,0.8)
23,2: (49601,0,6168,52428)  #C10018CC  srgba(193,0,24,0.8)
24,2: (49601,0,6168,52428)  #C10018CC  srgba(193,0,24,0.8)
25,2: (49601,0,6168,52428)  #C10018CC  srgba(193,0,24,0.8)
26,2: (49601,0,6168,52428)  #C10018CC  srgba(193,0,24,0.8)
27,2: (49601,0,6168,52428)  #C10018CC  srgba(193,0,24,0.8)
0,3: (49601,0,6168,52428)  #C10018CC  srgba(193,0,24,0.8)
1,3: (49601,0,6168,52428)  #C10018CC  srgba(193,0,24,0.8)
2,3: (49601,0,6168,52428)  #C10018CC  srgba(193,0,24,0.8)
3,3: (49601,0,6168,52428)  #C10018CC  srgba(193,0,24,0.8)
4,3: (49601,0,6168,52428)  #C10018CC  srgba(193,0,24,0.8)
5,3: (49601,0,6168,52428)  #C10018CC  srgba(193,0,24,0.8)
6,3: (49601,0,6168,52428)  #C10018CC  srgba(193,0,24,0.8)
7,3: (49601,0,6168,52428)  #C10018CC  srgba(193,0,24,0.8)
8,3: (49601,0,6168,52428)  #C10018CC  srgba(193,0,24,0.8)
9,3: (49601,0,6168,52428)  #C10018CC  srgba(193,0,24,0.8)
10,3: (49601,0,6168,52428)  #C10018CC  srgba(193,0,24,0.8)
11,3: (49601,0,6168,52428)  #C10018CC  srgba(193,0,24,0.8)
12,3: (49601,0,6168,52428)  #C10018CC  srgba(193,0,24,0.8)
13,3: (49601,0,6168,52428)  #C10018CC  srgba(193,0,24,0.8)
14,3: (49601,0,6168,52428)  #C10018CC  srgba(193,0,24,0.8)
15,3: (49601,0,6168,52428)  #C10018CC  srgba(193,0,24,0.8)
16,3: (49601,0,6168,52428)  #C10018CC  srgba(193,0,24,0.8)
17,3: (49601,0,6168,52428)  #C10018CC  srgba(193,0,24,0.8)
18,3: (49601,0,6168,52428)  #C10018CC  srgba(193,0,24,0.8)
19,3: (49601,0,6168,52428)  #C10018CC  srgba(193,0,24,0.8)
20,3: (49601,0,6168,52428)  #C10018CC  srgba(193,0,24,0.8)
21,3: (49601,0,6168,52428)  #C10018CC  srgba(193,0,24,0.8)
22,3: (49601,0,6168,52428)  #C10018CC  srgba(193,0,24,0.8)
23,3: (49601,0,6168,52428)  #C10018CC  srgba(193,0,24,0.8)
24,3: (49601,0,6168,52428)  #C10018CC  srgba(193,0,24,0.8)
25,3: (49601,0,6168,52428)  #C10018CC  srgba(193,0,24,0.8)
26,3: (49601,0,6168,52428)  #C10018CC  srgba(193,0,24,0.8)
27,3: (49601,0,6168,52428)  #C10018CC  srgba(193,0,24,0.8)
0,4: (49601,0,6168,52428)  #C10018CC  srgba(193,0,24,0.8)
1,4: (49601,0,6168,52428)  #C10018CC  srgba(193,0,24,0.8)
2,4: (49601,0,6168,52428)  #C10018CC  srgba(193,0,24,0.8)
3,4: (49601,0,6168,52428)  #C10018CC  srgba(193,0,24,0.8)
4,4: (49601,0,6168,52428)  #C10018CC  srgba(193,0,24,0.8)
5,4: (49601,0,6168,52428)  #C10018CC  srgba(193,0,24,0.8)
6,4: (49601,0,6168,52428)  #C10018CC  srgba(193,0,24,0.8)
7,4: (49601,0,6168,52428)  #C10018CC  srgba(193,0,24,0.8)
8,4: (49601,0,6168,52428)  #C10018CC  srgba(193,0,24,0.8)
9,4: (49601,0,6168,52428)  #C10018CC  srgba(193,0,24,0.8)
10,4: (49601,0,6168,52428)  #C10018CC  srgba(193,0,24,0.8)
11,4: (49601,0,6168,52428)  #C10018CC  srgba(193,0,24,0.8)
12,4: (49601,0,6168,52428)  #C10018CC  srgba(193,0,24,0.8)
13,4: (49601,0,6168,52428)  #C10018CC  srgba(193,0,24,0.8)
14,4: (49601,0,6168,52428)  #C10018CC  srgba(193,0,24,0.8)
15,4: (49601,0,6168,52428)  #C10018CC  srgba(193,0,24,0.8)
16,4: (49601,0,6168,52428)  #C10018CC  srgba(193,0,24,0.8)
17,4: (49601,0,6168,52428)  #C10018CC  srgba(193,0,24,0.8)
18,4: (49601,0,6168,52428)  #C10018CC  srgba(193,0,24,0.8)
19,4: (49601,0,6168,52428)  #C10018CC  srgba(193,0,24,0.8)
20,4: (49601,0,6168,52428)  #C10018CC  srgba(193,0,24,0.8)
21,4: (49601,0,6168,52428)  #C10018CC  srgba(193,0,24,0.8)
22,4: (49601,0,6168,52428)  #C10018CC  srgba(193,0,24,0.8)
23,4: (49601,0,6168,52428)  #C10018CC  srgba(193,0,24,0.8)
24,4: (49601,0,6168,52428)  #C10018CC  srgba(193,0,24,0.8)
25,4: (49601,0,6168,52428)  #C10018CC  srgba(193,0,24,0.8)
26,4: (49601,0,6168,52428)  #C10018CC  srgba(193,0,24,0.8)
27,4: (49601,0,6168,52428)  #C10018CC  srgba(193,0,24,0.8)
0,5: (49601,0,6168,52428)  #C10018CC  srgba(193,0,24,0.8)
1,5: (49601,0,6168,52428)  #C10018CC  srgba(193,0,24,0.8)
2,5: (49601,0,6168,52428)  #C10018CC  srgba(193,0,24,0.8)
3,5: (49601,0,6168,52428)  #C10018CC  srgba(193,0,24,0.8)
4,5: (49601,0,6168,52428)  #C10018CC  srgba(193,0,24,0.8)
5,5: (49601,0,6168,52428)  #C10018CC  srgba(193,0,24,0.8)
6,5: (49601,0,6168,52428)  #C10018CC  srgba(193,0,24,0.8)
7,5: (49601,0,6168,52428)  #C10018CC  srgba(193,0,24,0.8)
8,5: (49601,0,6168,52428)  #C10018CC  srgba(193,0,24,0.8)
9,5: (49601,0,6168,52428)  #C10018CC  srgba(193,0,24,0.8)
10,5: (49601,0,6168,52428)  #C10018CC  srgba(193,0,24,0.8)
11,5: (49601,0,6168,52428)  #C10018CC  srgba(193,0,24,0.8)
12,5: (49601,0,6168,52428)  #C10018CC  srgba(193,0,24,0.8)
13,5: (49601,0,6168,52428)  #C10018CC  srgba(193,0,24,0.8)
14,5: (49601,0,6168,52428)  #C10018CC  srgba(193,0,24,0.8)
15,5: (49601,0,6168,52428)  #C10018CC  srgba(193,0,24,0.8)
16,5: (49601,0,6168,52428)  #C10018CC  srgba(193,0,24,0.8)
17,5: (49601,0,6168,52428)  #C10018CC  srgba(193,0,24,0.8)
18,5: (49601,0,6168,52428)  #C10018CC  srgba(193,0,24,0.8)
19,5: (49601,0,6168,52428)  #C10018CC  srgba(193,0,24,0.8)
20,5: (49601,0,6168,52428)  #C10018CC  srgba(193,0,24,0.8)
21,5: (49601,0,6168,52428)  #C10018CC  srgba(193,0,24,0.8)
22,5: (49601,0,6168,52428)  #C10018CC  srgba(193,0,24,0.8)
23,5: (49601,0,6168,52428)  #C10018CC  srgba(193,0,24,0.8)
24,5: (49601,0,6168,52428)  #C10018CC  srgba(193,0,24,0.8)
25,5: (49601,0,6168,52428)  #C10018CC  srgba(193,0,24,0.8)
26,5: (49601,0,6168,52428)  #C10018CC  srgba(193,0,24,0.8)
27,5: (49601,0,6168,52428)  #C10018CC  srgba(193,0,24,0.8)
0,6: (49601,0,6168,52428)  #C10018CC  srgba(193,0,24,0.8)
1,6: (49601,0,6168,52428)  #C10018CC  srgba(193,0,24,0.8)
2,6: (49601,0,6168,52428)  #C10018CC  srgba(193,0,24,0.8)
3,6: (49601,0,6168,52428)  #C10018CC  srgba(193,0,24,0.8)
4,6: (49601,0,6168,52428)  #C10018CC  srgba(193,0,24,0.8)
5,6: (49601,0,6168,52428)  #C10018CC  srgba(193,0,24,0.8)
6,6: (49601,0,6168,52428)  #C10018CC  srgba(193,0,24,0.8)
7,6: (49601,0,6168,52428)  #C10018CC  srgba(193,0,24,0.8)
8,6: (49601,0,6168,52428)  #C10018CC  srgba(193,0,24,0.8)
9,6: (49601,0,6168,52428)  #C10018CC  srgba(193,0,24,0.8)
10,6: (49601,0,6168,52428)  #C10018CC  srgba(193,0,24,0.8)
11,6: (49601,0,6168,52428)  #C10018CC  srgba(193,0,24,0.8)
12,6: (49601,0,6168,52428)  #C10018CC  srgba(193,0,24,0.8)
13,6: (49601,0,6168,52428)  #C10018CC  srgba(193,0,24,0.8)
14,6: (49601,0,6168,52428)  #C10018CC  srgba(193,0,24,0.8)
15,6: (49601,0,6168,52428)  #C10018CC  srgba(193,0,24,0.8)
16,6: (49601,0,6168,52428)  #C10018CC  srgba(193,0,24,0.8)
17,6: (49601,0,6168,52428)  #C10018CC  srgba(193,0,24,0.8)
18,6: (49601,0,6168,52428)  #C10018CC  srgba(193,0,24,0.8)
19,6: (49601,0,6168,52428)  #C10018CC  srgba(193,0,24,0.8)
20,6: (49601,0,6168,52428)  #C10018CC  srgba(193,0,24,0.8)
21,6: (49601,0,6168,52428)  #C10018CC  srgba(193,0,24,0.8)
22,6: (49601,0,6168,52428)  #C10018CC  srgba(193,0,24,0.8)
23,6: (49601,0,6168,52428)  #C10018CC  srgba(193,0,24,0.8)
24,6: (49601,0,6168,52428)  #C10018CC  srgba(193,0,24,0.8)
25,6: (49601,0,6168,52428)  #C10018CC  srgba(193,0,24,0.8)
26,6: (49601,0,6168,52428)  #C10018CC  srgba(193,0,24,0.8)
27,6: (49601,0,6168,52428)  #C10018CC  srgba(193,0,24,0.8)
0,7: (49601,0,6168,52428)  #C10018CC  srgba(193,0,24,0.8)
1,7: (49601,0,6168,52428)  #C10018CC  srgba(193,0,24,0.8)
2,7: (49601,0,6168,52428)  #C10018CC  srgba(193,0,24,0.8)
3,7: (49601,0,6168,52428)  #C10018CC  srgba(193,0,24,0.8)
4,7: (49601,0,6168,52428)  #C10018CC  srgba(193,0,24,0.8)
5,7: (49601,0,6168,52428)  #C10018CC  srgba(193,0,24,0.8)
6,7: (49601,0,6168,52428)  #C10018CC  srgba(193,0,24,0.8)
7,7: (49601,0,6168,52428)  #C10018CC  srgba(193,0,24,0.8)
8,7: (49601,0,6168,52428)  #C10018CC  srgba(193,0,24,0.8)
9,7: (49601,0,6168,52428)  #C10018CC  srgba(193,0,24,0.8)
10,7: (49601,0,6168,52428)  #C10018CC  srgba(193,0,24,0.8)
11,7: (49601,0,6168,52428)  #C10018CC  srgba(193,0,24,0.8)
12,7: (49601,0,6168,52428)  #C10018CC  srgba(193,0,24,0.8)
13,7: (49601,0,6168,52428)  #C10018CC  srgba(193,0,24,0.8)
14,7: (49601,0,6168,52428)  #C10018CC  srgba(193,0,24,0.8)
15,7: (49601,0,6168,52428)  #C10018CC  srgba(193,0,24,0.8)
16,7: (49601,0,6168,52428)  #C10018CC  srgba(193,0,24,0.8)
17,7: (49601,0,6168,52428)  #C10018CC  srgba(193,0,24,0.8)
18,7: (49601,0,6168,52428)  #C10018CC  srgba(193,0,24,0.8)
19,7: (49601,0,6168,52428)  #C10018CC  srgba(193,0,24,0.8)
20,7: (49601,0,6168,52428)  #C10018CC  srgba(193,0,24,0.8)
21,7: (49601,0,6168,52428)  #C10018CC  srgba(193,0,24,0.8)
22,7: (49601,0,6168,52428)  #C10018CC  srgba(193,0,24,0.8)
23,7: (49601,0,6168,52428)  #C10018CC  srgba(193,0,24,0.8)
24,7: (49601,0,6168,52428)  #C10018CC  srgba(193,0,24,0.8)
25,7: (49601,0,6168,52428)  #C10018CC  srgba(193,0,24,0.8)
26,7: (49601,0,6168,52428)  #C10018CC  srgba(193,0,24,0.8)
27,7: (49601,0,6168,52428)  #C10018CC  srgba(193,0,24,0.8)
0,8: (49601,0,6168,52428)  #C10018CC  srgba(193,0,24,0.8)
1,8: (49601,0,6168,52428)  #C10018CC  srgba(193,0,24,0.8)
2,8: (49601,0,6168,52428)  #C10018CC  srgba(193,0,24,0.8)
3,8: (49601,0,6168,52428)  #C10018CC  srgba(193,0,24,0.8)
4,8: (49601,0,6168,52428)  #C10018CC  srgba(193,0,24,0.8)
5,8: (49601,0,6168,52428)  #C10018CC  srgba(193,0,24,0.8)
6,8: (49601,0,6168,52428)  #C10018CC  srgba(193,0,24,0.8)
7,8: (49601,0,6168,52428)  #C10018CC  srgba(193,0,24,0.8)
8,8: (49601,0,6168,52428)  #C10018CC  srgba(193,0,24,0.8)
9,8: (49601,0,6168,52428)  #C10018CC  srgba(193,0,24,0.8)
10,8: (49601,0,6168,52428)  #C10018CC  srgba(193,0,24,0.8)
11,8: (49601,0,6168,52428)  #C10018CC  srgba(193,0,24,0.8)
12,8: (49601,0,6168,52428)  #C10018CC  srgba(193,0,24,0.8)
13,8: (49601,0,6168,52428)  #C10018CC  srgba(193,0,24,0.8)
14,8: (49601,0,6168,52428)  #C10018CC  srgba(193,0,24,0.8)
15,8: (49601,0,6168,52428)  #C10018CC  srgba(193,0,24,0.8)
16,8: (49601,0,6168,52428)  #C10018CC  srgba(193,0,24,0.8)
17,8: (49601,0,6168,52428)  #C10018CC  srgba(193,0,24,0.8)
18,8: (49601,0,6168,52428)  #C10018CC  srgba(193,0,24,0.8)
19,8: (49601,0,6168,52428)  #C10018CC  srgba(193,0,24,0.8)
20,8: (49601,0,6168,52428)  #C10018CC  srgba(193,0,24,0.8)
21,8: (49601,0,6168,52428)  #C10018CC  srgba(193,0,24,0.8)
22,8: (49601,0,6168,52428)  #C10018CC  srgba(193,0,24,0.8)
23,8: (49601,0,6168,52428)  #C10018CC  srgba(193,0,24,0.8)
24,8: (49601,0,6168,52428)  #C10018CC  srgba(193,0,24,0.8)
25,8: (49601,0,6168,52428)  #C10018CC  srgba(193,0,24,0.8)
26,8: (49601,0,6168,52428)  #C10018CC  srgba(193,0,24,0.8)
27,8: (49601,0,6168,52428)  #C10018CC  srgba(193,0,24,0.8)
0,9: (49601,0,6168,52428)  #C10018CC  srgba(193,0,24,0.8)
1,9: (49601,0,6168,52428)  #C10018CC  srgba(193,0,24,0.8)
2,9: (49601,0,6168,52428)  #C10018CC  srgba(193,0,24,0.8)
3,9: (49601,0,6168,52428)  #C10018CC  srgba(193,0,24,0.8)
4,9: (49601,0,6168,52428)  #C10018CC  srgba(193,0,24,0.8)
5,9: (49601,0,6168,52428)  #C10018CC  srgba(193,0,24,0.8)
6,9: (49601,0,6168,52428)  #C10018CC  srgba(193,0,24,0.8)
7,9: (49601,0,6168,52428)  #C10018CC  srgba(193,0,24,0.8)
8,9: (49601,0,6168,52428)  #C10018CC  srgba(193,0,24,0.8)
9,9: (49601,0,6168,52428)  #C10018CC  srgba(193,0,24,0.8)
10,9: (49601,0,6168,52428)  #C10018CC  srgba(193,0,24,0.8)
11,9: (49601,0,6168,52428)  #C10018CC  srgba(193,0,24,0.8)
12,9: (49601,0,6168,52428)  #C10018CC  srgba(193,0,24,0.8)
13,9: (49601,0,6168,52428)  #C10018CC  srgba(193,0,24,0.8)
14,9: (49601,0,6168,52428)  #C10018CC  srgba(193,0,24,0.8)
15,9: (49601,0,6168,52428)  #C10018CC  srgba(193,0,24,0.8)
16,9: (49601,0,6168,52428)  #C10018CC  srgba(193,0,24,0.8)
17,9: (49601,0,6168,52428)  #C10018CC  srgba(193,0,24,0.8)
18,9: (49601,0,6168,52428)  #C10018CC  srgba(193,0,24,0.8)
19,9: (49601,0,6168,52428)  #C10018CC  srgba(193,0,24,0.8)
20,9: (49601,0,6168,52428)  #C10018CC  srgba(193,0,24,0.8)
21,9: (49601,0,6168,52428)  #C10018CC  srgba(193,0,24,0.8)
22,9: (49601,0,6168,52428)  #C10018CC  srgba(193,0,24,0.8)
23,9: (49601,0,6168,52428)  #C10018CC  srgba(193,0,24,0.8)
24,9: (49601,0,6168,52428)  #C10018CC  srgba(193,0,24,0.8)
25,9: (49601,0,6168,52428)  #C10018CC  srgba(193,0,24,0.8)
26,9: (49601,0,6168,52428)  #C10018CC  srgba(193,0,24,0.8)
27,9: (49601,0,6168,52428)  #C10018CC  srgba(193,0,24,0.8)
